P3
128 128
255
70 105 103 103 102 102 102 102 102 104 108 112 112 106 95 80 68 62 63 66 67 68 68 69 68 68 70 73 77 79 80 81 82 84 84 84 84 84 84 84 85 85 86 86 86 85 84 85 86 87 87 88 89 88 86 84 85 85 85 85 85 85 84 85 85 85 84 84 84 84 84 84 84 84 84 82 80 77 75 71 72 78 88 96 100 101 99 98 99 101 102 102 101 100 100 101 102 102 102 101 107 119 134 142 139 117 91 72 72 77 79 79 78 78 78 79 79 80 79 79 80 80 82 80 81 82 85 58 
104 156 154 154 153 153 153 153 154 157 163 168 168 159 143 120 102 93 95 99 100 101 101 102 101 102 105 110 115 118 119 121 123 126 126 126 126 126 126 126 127 127 128 128 128 127 126 128 129 130 129 130 131 130 128 126 127 127 127 127 127 127 126 127 127 127 126 126 126 126 126 126 126 126 126 123 120 116 113 107 107 115 129 142 149 152 150 149 150 152 153 153 152 151 151 152 152 152 152 152 157 173 194 210 210 185 146 114 106 113 117 118 117 117 117 118 118 119 118 118 119 120 123 122 121 114 108 69 
103 154 153 153 153 153 153 153 155 158 163 166 165 157 141 120 102 93 94 97 99 99 99 99 99 101 105 111 116 118 118 120 123 126 126 126 126 126 126 126 127 127 128 127 127 126 127 128 128 127 126 127 128 128 127 126 127 127 127 126 127 127 127 126 126 126 126 126 126 126 126 126 126 126 126 123 121 117 114 108 106 112 124 138 147 153 153 152 151 153 155 155 153 152 152 153 151 150 150 151 152 163 182 203 211 199 165 129 109 110 114 116 116 117 117 118 118 118 118 118 119 120 124 123 114 97 78 46 
102 153 153 153 153 153 153 154 157 160 163 164 162 155 141 120 101 91 93 97 99 99 99 99 99 102 105 111 114 117 117 120 123 126 126 126 126 126 126 126 126 126 127 128 128 127 127 128 128 128 127 127 126 127 127 127 126 126 126 126 128 128 128 126 126 127 127 127 126 126 126 126 126 126 126 124 122 118 114 109 105 108 117 132 144 152 154 155 154 156 157 157 155 153 153 153 151 149 148 149 148 153 168 191 208 210 187 149 117 107 111 115 116 117 117 117 117 117 119 120 121 123 124 115 95 71 55 32 
102 153 153 153 153 153 153 155 158 161 162 161 158 152 140 120 100 89 91 97 100 100 99 99 99 102 105 110 113 116 118 120 123 125 126 126 126 126 126 126 126 126 127 128 128 127 127 127 127 127 127 127 126 127 127 127 126 126 126 126 128 129 129 127 126 127 127 127 125 124 123 124 125 126 126 125 123 119 114 110 106 106 112 126 141 151 155 156 155 156 157 157 155 153 153 153 151 148 146 146 146 147 156 177 198 211 203 173 136 112 108 113 114 116 116 117 118 119 122 123 125 124 115 95 71 55 48 31 
102 153 153 153 153 153 154 157 160 162 161 159 157 152 141 119 98 87 90 97 100 100 99 99 99 102 105 110 113 116 118 120 123 125 126 126 126 126 126 126 126 126 126 127 127 127 126 127 127 128 126 126 124 126 126 127 125 125 124 124 125 127 128 127 126 127 127 126 124 123 123 124 125 126 126 126 123 120 115 112 107 105 109 122 138 149 155 157 157 156 155 155 154 153 153 153 152 150 148 146 145 144 148 165 187 207 211 193 156 122 107 111 114 116 116 117 118 119 122 125 126 116 95 68 51 44 46 31 
102 153 153 153 153 154 156 159 161 161 159 156 156 152 142 119 98 87 90 97 101 101 100 99 99 102 105 110 113 116 118 120 123 125 126 126 126 126 126 126 126 126 126 126 126 126 126 128 128 128 124 123 121 122 123 125 125 124 123 123 124 126 127 127 126 126 126 124 123 122 122 122 123 125 126 126 123 120 116 113 109 106 110 121 136 147 154 156 156 154 153 153 153 153 153 153 152 151 150 148 146 144 144 154 174 198 212 208 180 142 114 108 112 115 116 117 118 120 123 124 114 94 68 51 44 44 46 31 
102 153 153 153 154 156 159 161 162 160 157 154 156 153 142 118 98 88 90 95 99 100 100 99 99 102 105 110 113 116 117 119 122 125 126 126 126 126 126 126 126 126 126 126 126 126 126 128 128 128 123 121 118 119 120 122 122 121 120 120 122 124 126 126 126 126 126 124 124 124 124 123 122 124 125 126 124 121 118 114 110 107 111 121 134 145 152 155 155 154 153 153 153 153 153 153 153 153 153 151 149 147 146 148 163 186 207 213 198 164 129 110 110 114 116 117 118 121 122 114 92 67 51 46 45 44 46 32 
102 154 154 155 156 159 161 162 162 159 156 153 155 152 142 119 99 88 90 95 99 100 100 99 99 101 104 108 112 115 117 118 121 123 125 124 124 124 125 126 126 125 125 125 126 126 126 127 127 127 124 121 118 117 118 120 121 120 119 119 122 124 126 126 126 126 126 125 125 125 124 123 122 124 124 125 123 120 117 113 111 108 112 121 133 143 149 152 153 153 153 153 153 153 153 153 153 153 153 152 150 148 146 143 150 171 197 213 212 189 151 118 106 110 114 117 120 122 112 93 64 50 45 50 50 48 47 31 
103 155 155 156 158 161 161 160 159 157 155 153 154 151 140 118 98 88 90 95 98 99 99 99 99 100 103 107 112 115 117 117 119 120 123 122 123 123 125 126 126 124 124 124 126 126 126 126 126 126 125 123 121 119 118 117 117 116 116 116 119 122 125 126 126 125 125 124 125 125 125 124 123 123 123 124 123 121 117 113 110 108 111 120 131 141 146 150 152 153 153 153 153 153 153 153 153 153 153 152 150 148 146 142 142 157 183 206 215 206 174 136 110 107 112 117 120 113 92 67 48 45 48 52 51 48 47 31 
105 157 157 158 159 160 158 157 156 156 155 155 154 151 139 118 97 87 90 96 99 99 99 99 99 100 103 108 113 116 117 117 118 119 122 122 123 123 125 126 125 123 123 124 126 126 126 126 126 126 126 126 126 125 126 128 132 133 133 129 125 121 121 122 123 123 123 123 124 125 126 124 124 123 124 123 121 119 115 113 110 109 111 119 129 138 143 147 150 152 153 153 153 153 153 153 153 152 151 149 147 145 143 140 138 146 169 195 213 215 194 155 121 107 112 115 109 92 65 49 41 47 50 53 51 48 46 30 
106 157 157 158 159 157 152 150 150 154 155 157 155 152 139 118 97 87 89 95 98 99 99 99 99 101 104 110 114 117 117 118 118 119 120 122 124 125 126 126 125 124 124 126 127 127 125 125 127 130 133 134 136 137 140 143 148 150 151 147 144 140 136 128 121 118 119 121 123 125 126 124 123 122 124 124 122 119 115 113 110 109 111 118 127 136 141 145 147 150 152 152 152 152 153 153 152 151 149 147 144 142 140 138 137 139 155 180 204 216 209 180 142 116 110 105 88 66 49 43 44 49 52 52 48 45 44 30 
105 157 158 160 158 152 145 144 148 155 158 160 157 153 140 119 98 87 89 95 98 99 99 99 99 102 106 112 115 117 117 118 119 120 121 123 125 126 126 126 125 125 125 127 126 126 125 127 131 134 137 138 142 146 153 160 168 171 171 166 162 158 154 147 139 129 122 119 121 123 124 124 123 122 122 122 120 118 116 114 111 109 111 117 126 135 141 144 145 147 150 151 151 151 151 151 149 148 146 145 142 140 137 136 136 136 144 165 191 211 215 200 166 133 106 87 63 49 43 45 46 50 51 51 47 45 44 30 
104 157 159 160 155 145 136 136 145 155 160 161 158 153 141 120 98 86 88 94 97 98 99 98 99 101 106 110 114 116 117 118 119 119 120 122 124 125 125 125 124 124 127 131 129 127 125 129 134 137 142 143 147 150 157 163 169 170 172 171 175 178 178 172 163 152 139 126 120 119 122 123 123 121 120 120 118 116 114 112 109 107 110 117 126 135 141 144 144 145 147 148 148 148 148 148 146 146 145 144 140 137 135 135 135 135 137 150 174 200 216 216 193 149 100 64 48 43 45 48 50 51 50 49 46 44 43 29 
105 160 161 159 148 134 126 131 146 157 162 162 160 154 142 120 97 84 86 92 95 96 98 98 99 101 106 110 114 116 117 117 118 118 120 122 124 124 123 123 124 126 129 131 127 124 125 131 135 135 137 140 145 149 155 160 166 168 171 172 175 178 182 185 185 178 166 150 133 121 117 119 121 119 118 117 116 114 112 110 107 106 109 118 128 137 142 144 144 144 145 146 147 147 146 144 143 143 144 142 140 137 136 135 135 136 136 141 158 184 209 220 209 154 93 46 41 44 47 50 50 50 48 48 46 44 44 30 
108 163 162 155 138 119 113 125 146 158 162 162 161 155 143 119 95 81 83 89 92 93 96 97 99 100 103 106 111 115 116 116 116 117 118 121 122 122 124 120 121 119 126 128 125 122 123 128 131 132 135 139 142 146 151 158 162 166 170 173 177 179 184 185 187 188 185 175 157 138 123 115 116 116 117 115 115 112 110 108 105 104 106 117 129 139 143 144 144 143 143 143 145 145 144 141 140 141 143 141 139 136 136 135 136 137 138 138 147 170 199 217 197 134 73 38 42 47 50 52 50 48 46 47 46 45 45 31 
111 165 160 147 124 104 103 122 146 158 162 162 161 154 141 116 92 78 80 88 92 94 96 98 99 100 102 106 110 113 114 115 116 117 117 120 121 121 122 117 119 117 122 121 119 119 123 127 129 130 131 135 136 142 147 156 161 167 171 174 177 178 183 184 187 188 191 190 181 165 146 127 116 109 111 111 113 111 110 107 104 102 104 116 130 142 145 145 144 142 141 140 142 143 143 140 139 140 143 141 139 136 136 136 138 140 141 141 144 160 184 188 156 97 55 38 42 48 50 51 48 48 47 47 46 47 45 30 
112 164 155 135 109 91 97 120 145 157 162 162 160 153 139 114 90 77 80 88 93 95 97 98 99 99 101 104 108 110 111 113 115 117 117 119 119 125 125 120 113 110 114 115 117 120 123 126 127 129 130 132 132 136 142 152 159 165 171 174 178 179 184 186 188 188 189 189 191 186 174 153 131 112 104 104 109 109 109 107 104 101 102 114 129 143 147 147 145 141 138 134 134 137 140 141 140 141 143 141 138 136 137 138 140 141 143 143 145 154 158 143 100 61 40 42 45 49 48 48 47 48 47 47 49 49 45 27 
110 159 145 121 97 85 97 120 144 156 162 162 159 152 137 113 89 78 81 90 95 98 99 99 99 99 102 105 109 109 110 112 115 117 117 118 118 125 121 118 109 111 112 113 116 120 124 126 127 129 130 132 131 134 139 148 156 163 171 176 179 181 184 189 190 190 189 188 190 194 196 187 168 145 121 108 102 105 105 104 102 100 102 114 129 144 149 149 147 142 136 127 124 129 137 142 143 143 144 141 138 136 138 140 142 143 144 145 148 144 126 91 61 43 41 44 46 47 44 45 47 49 49 51 52 50 53 36 
106 151 131 107 88 83 98 120 144 156 162 162 159 153 138 114 90 79 82 89 94 97 99 99 99 99 102 105 109 109 110 112 115 117 117 117 118 124 120 116 108 111 111 112 115 119 121 123 125 128 129 131 132 134 138 144 152 161 170 178 179 183 183 189 187 187 187 191 195 199 202 205 198 185 149 120 99 100 102 102 101 99 101 113 129 144 150 151 150 144 134 118 110 115 128 139 143 144 144 141 139 138 141 142 143 143 144 146 145 127 91 58 42 41 43 46 48 45 43 44 47 47 49 55 56 60 75 59 
100 138 116 96 85 85 99 120 144 156 162 162 159 153 138 115 91 80 82 89 94 97 99 99 99 99 101 104 108 110 112 114 116 117 118 119 119 116 112 108 108 111 113 114 115 116 119 121 125 128 130 133 134 136 138 143 151 162 170 179 179 184 180 185 185 190 192 196 199 203 206 209 213 214 191 147 107 92 95 97 97 96 99 111 128 143 149 151 151 146 134 111 95 97 114 133 141 144 144 141 140 138 141 141 143 143 145 147 134 102 64 42 41 44 48 48 47 44 44 46 49 49 55 61 67 80 105 83 
92 124 102 88 83 86 99 120 144 156 162 162 159 153 138 115 91 79 81 87 93 96 99 99 99 99 101 104 108 110 113 115 117 117 119 119 117 111 108 107 110 113 114 114 113 114 117 120 125 127 130 132 135 137 139 142 150 161 169 177 175 178 177 185 189 193 196 201 205 207 207 206 208 212 207 177 132 99 89 93 94 93 97 109 127 142 149 151 150 146 134 108 82 77 94 121 136 143 144 142 141 140 142 142 143 143 146 138 114 78 50 40 42 47 50 49 47 45 46 46 49 52 61 70 85 108 128 94 
80 108 92 86 85 87 99 120 143 155 161 162 159 153 138 116 92 80 82 89 94 96 98 99 99 99 101 104 108 110 113 115 117 117 119 118 114 108 107 109 111 112 112 112 112 114 119 123 128 130 134 136 139 140 140 142 149 160 167 169 170 175 182 189 196 201 203 202 201 202 204 205 207 209 215 201 165 118 90 85 88 90 96 109 127 142 149 151 150 146 135 108 76 63 77 108 130 141 144 142 140 139 140 141 142 144 144 123 89 56 42 43 46 50 49 47 47 48 48 46 50 57 71 86 109 128 140 95 
68 95 86 86 86 87 99 120 143 155 161 162 159 152 137 115 92 80 82 90 95 97 98 99 99 99 101 104 109 111 114 115 117 119 119 116 110 107 108 110 111 112 112 111 111 115 121 127 130 131 133 136 140 141 141 141 149 156 163 165 171 178 189 196 202 200 199 199 199 200 201 203 205 206 210 211 192 159 115 92 82 85 94 108 127 142 150 152 151 147 136 110 75 56 63 92 119 136 143 142 139 138 139 142 144 145 131 97 63 44 44 48 49 49 45 45 48 50 50 48 52 63 82 106 127 141 146 98 
60 88 85 88 87 87 98 119 141 154 160 162 159 152 137 116 93 81 82 90 95 96 97 98 99 99 101 104 109 112 115 116 117 119 117 114 110 109 110 110 110 110 111 113 116 120 125 132 134 134 132 135 139 140 139 137 143 152 164 170 180 188 196 196 198 198 198 198 197 199 199 203 205 207 208 209 205 189 159 118 90 78 90 108 128 143 150 153 153 149 137 110 76 53 53 76 105 128 140 141 139 137 138 141 144 137 110 73 46 40 45 49 50 47 45 45 49 50 51 50 58 75 100 124 138 146 151 103 
56 85 86 89 87 88 99 120 141 154 160 161 158 151 137 115 92 80 81 88 93 95 96 97 98 99 101 104 109 113 116 116 123 123 120 109 107 108 109 108 108 109 112 115 120 123 128 132 134 134 133 134 135 134 134 133 143 154 171 181 189 192 193 192 192 192 194 196 198 200 201 202 204 206 207 206 208 209 196 161 113 84 83 104 126 142 150 153 153 150 138 112 78 54 46 60 85 113 132 139 139 137 138 142 143 122 85 52 39 44 49 52 50 46 45 46 49 49 50 52 68 93 119 134 141 149 156 107 
57 87 88 90 87 88 98 119 139 153 159 161 159 153 139 116 92 80 81 87 92 94 96 97 98 99 102 105 109 112 114 114 126 123 121 105 107 108 109 108 109 110 114 118 125 129 132 133 134 135 134 132 129 126 130 137 153 167 183 189 191 188 188 188 189 191 194 197 199 200 201 202 203 204 204 203 205 209 213 196 150 103 83 100 124 142 150 153 153 150 138 113 80 55 42 47 65 92 117 134 141 141 140 142 131 99 62 42 42 47 51 51 49 47 47 47 48 46 48 58 85 114 132 139 144 152 158 107 
58 88 88 88 85 87 99 120 140 153 159 161 160 154 140 116 92 80 81 87 91 94 96 97 97 99 102 105 107 110 111 120 135 131 120 101 104 106 108 108 110 113 118 121 126 130 133 132 132 134 134 130 124 125 136 151 169 179 188 187 185 182 185 188 190 190 193 196 199 199 200 200 201 201 201 201 204 208 211 212 185 135 95 93 121 140 149 152 152 149 138 115 82 57 43 42 49 79 118 152 163 163 162 148 117 74 46 40 44 48 51 51 51 48 47 47 46 45 52 74 107 130 140 143 149 154 157 105 
59 89 87 87 84 85 96 117 139 153 159 162 162 156 141 116 91 79 79 86 90 93 95 95 96 98 101 103 105 107 106 127 137 136 113 102 105 107 108 108 111 116 122 126 128 132 132 133 131 131 125 124 125 137 153 168 179 182 184 184 182 182 186 190 193 191 193 196 198 197 197 198 200 199 200 201 204 207 209 214 207 158 113 92 119 139 148 151 152 149 138 115 82 56 42 39 57 97 143 174 184 189 189 165 116 66 40 43 46 50 52 51 51 48 49 49 46 48 65 98 127 140 144 149 154 155 155 103 
58 88 87 87 84 85 96 117 139 153 159 162 161 155 140 115 89 76 77 85 89 92 94 95 96 98 100 102 104 106 106 136 142 140 107 101 104 107 108 109 112 118 123 126 123 126 128 132 129 124 122 128 140 155 166 174 175 176 176 179 179 183 188 191 192 190 191 192 194 195 197 198 200 199 199 201 203 205 205 209 216 184 138 104 115 138 148 151 152 149 138 114 80 53 43 60 94 140 177 200 208 212 214 192 133 74 40 45 48 51 51 51 51 48 49 49 49 61 89 121 140 144 149 153 155 154 153 102 
58 88 88 89 87 87 96 116 138 153 159 162 160 154 139 114 88 74 76 84 90 93 95 96 97 98 100 102 105 106 113 142 145 135 103 100 104 105 107 110 116 120 122 123 122 124 126 127 122 121 127 143 157 166 170 171 171 172 172 177 179 184 186 188 188 186 187 189 193 193 195 196 199 199 199 201 202 203 202 204 210 198 160 127 119 138 149 152 153 149 136 108 73 55 67 101 145 178 199 205 208 212 215 211 152 92 40 45 49 51 50 48 47 47 49 49 57 81 114 137 145 147 152 154 154 153 153 102 
59 89 91 91 90 89 98 117 139 154 160 162 160 154 139 115 90 76 78 85 91 94 97 99 99 99 101 104 107 107 126 150 152 129 102 99 101 103 107 113 119 121 121 120 120 123 125 123 121 126 142 156 166 166 168 169 171 172 173 177 180 182 183 182 183 182 185 187 192 193 193 194 196 197 195 196 197 199 199 200 205 208 187 158 135 140 149 153 152 147 131 101 82 86 116 154 181 198 203 206 208 207 211 218 159 99 39 46 50 48 46 44 45 46 45 48 69 103 133 144 148 151 154 153 153 153 153 102 
62 93 94 94 93 91 99 117 139 154 160 162 161 155 140 115 91 78 80 87 93 96 98 99 99 100 103 106 108 105 135 155 158 123 100 97 100 102 106 112 118 120 120 120 122 123 121 121 126 139 151 160 161 163 166 171 174 174 175 177 178 178 176 176 179 180 184 186 191 191 190 192 195 192 190 190 196 198 198 198 199 202 198 184 163 152 149 151 148 141 129 117 118 135 165 186 198 201 204 204 203 204 209 217 158 100 40 47 50 48 46 43 45 45 43 54 86 122 143 146 150 153 154 153 153 153 153 102 
64 96 97 97 96 94 101 118 139 154 161 163 164 157 142 115 91 79 81 89 94 97 97 98 98 100 103 106 107 102 136 152 158 120 102 98 99 102 106 111 116 119 121 121 120 121 121 129 139 148 151 152 155 160 166 172 174 172 173 176 178 176 173 173 177 179 183 184 188 189 190 192 191 186 184 187 193 195 196 197 198 198 201 197 186 167 154 148 146 149 148 151 161 179 193 199 201 203 202 200 201 205 211 215 155 98 42 48 50 48 45 43 45 44 47 69 106 135 146 147 152 154 154 153 153 153 153 102 
66 98 98 98 97 96 103 120 140 154 162 165 167 160 145 116 91 78 81 90 95 98 97 97 97 99 103 105 105 102 136 150 156 119 104 99 101 102 103 107 113 117 119 119 118 120 124 137 146 148 146 147 153 160 164 169 170 169 170 169 172 171 171 172 176 179 179 179 183 185 185 184 183 179 179 184 191 194 193 194 193 193 194 196 194 177 159 150 155 165 171 184 191 197 198 200 202 200 199 198 201 207 213 207 148 91 44 47 49 47 45 43 46 48 63 92 125 143 148 150 153 153 153 153 153 153 153 102 
66 98 97 97 97 98 106 122 142 156 165 168 170 163 148 119 93 79 81 89 94 97 97 96 96 97 101 102 101 107 139 155 155 122 108 101 101 101 104 109 114 117 118 118 119 126 134 143 144 144 143 147 153 159 162 166 167 169 168 167 169 170 172 172 173 175 176 179 182 183 182 181 180 180 181 185 188 190 189 189 188 188 187 186 189 180 173 166 173 184 192 197 197 198 199 199 198 198 198 198 201 207 213 192 134 77 45 47 48 46 44 44 48 59 86 116 139 146 150 153 154 153 153 153 153 153 153 102 
65 97 95 95 95 97 106 122 143 158 167 170 171 165 149 121 94 80 81 88 92 94 95 95 95 96 100 101 99 116 146 165 156 128 113 105 104 104 104 109 112 116 115 119 124 133 139 140 141 140 145 147 151 157 161 166 166 168 166 164 165 169 171 171 170 172 173 176 180 181 179 176 178 180 182 182 183 184 182 182 180 181 178 177 181 180 180 179 188 194 197 197 199 199 198 197 197 199 196 196 198 207 213 174 116 59 45 47 46 44 44 45 54 75 108 132 144 148 153 155 154 153 153 153 153 153 153 102 
64 96 94 94 94 97 105 121 142 159 168 171 170 164 148 122 95 81 81 87 92 94 96 95 94 95 98 100 97 125 154 175 156 132 119 110 106 103 105 111 112 116 116 125 131 139 138 137 136 142 145 146 145 151 158 163 164 166 165 165 164 169 171 171 168 167 170 174 177 177 178 179 181 183 184 182 179 178 177 178 175 173 172 175 181 184 189 192 196 197 198 198 198 198 197 197 197 196 189 187 190 202 208 159 101 46 43 46 45 45 45 46 62 92 126 143 147 151 155 156 154 153 153 153 153 153 153 102 
62 93 92 92 92 95 104 122 143 160 168 170 168 162 147 121 94 80 81 88 93 95 96 96 94 95 97 100 97 130 158 179 157 138 127 118 109 102 102 109 112 117 119 130 137 138 135 132 138 143 147 144 143 146 153 157 160 162 164 163 163 166 168 168 166 164 165 165 169 171 175 176 178 180 180 177 173 172 170 169 168 170 174 178 185 188 191 192 195 197 197 197 196 197 197 199 198 191 179 172 175 188 185 135 81 41 44 45 44 44 47 53 78 109 137 146 148 154 156 156 153 153 153 153 153 153 153 102 
61 91 91 91 91 94 104 123 144 159 167 169 167 161 147 122 95 80 81 88 94 97 98 96 93 94 96 98 94 131 159 181 157 141 133 122 109 99 101 109 114 120 125 133 134 134 130 134 136 142 141 143 144 145 149 151 157 160 164 163 162 162 164 165 162 161 160 162 163 166 169 172 174 176 175 171 168 168 167 169 168 172 177 186 192 193 193 194 194 194 194 196 196 197 198 201 194 181 166 159 163 178 160 114 61 42 44 44 44 45 50 66 97 126 144 149 151 156 156 156 153 153 153 153 153 153 153 102 
61 91 91 90 90 93 105 124 145 158 166 168 167 161 147 122 95 80 81 89 95 98 98 96 94 94 96 96 91 128 156 182 160 147 138 127 113 102 103 111 120 126 129 130 130 130 133 135 137 136 138 142 145 145 146 149 155 158 160 158 158 159 159 160 158 160 159 160 160 163 165 166 166 167 166 164 161 165 165 170 171 180 184 189 191 193 193 191 191 192 195 197 197 198 200 201 188 171 158 153 158 170 137 94 45 44 45 44 44 47 59 87 118 139 146 149 152 155 155 155 153 153 153 153 153 153 153 102 
61 92 92 91 91 94 106 123 144 157 166 169 168 162 148 124 97 81 81 88 94 96 96 94 94 94 95 93 87 126 156 187 167 155 145 134 120 108 108 115 125 129 130 129 127 131 134 136 133 132 135 139 143 145 150 149 150 150 153 151 148 141 146 150 157 157 158 160 160 160 160 160 159 160 159 160 161 166 170 178 182 187 187 190 191 191 190 190 192 195 197 198 198 200 204 198 179 158 143 141 153 160 124 77 41 45 45 45 45 50 69 102 131 145 148 151 153 154 154 154 153 153 153 153 153 153 153 102 
62 93 94 93 94 96 107 123 144 157 166 169 169 163 149 124 96 80 80 89 94 95 94 93 94 94 94 92 84 124 156 193 176 165 154 146 131 117 112 118 127 127 127 126 130 134 135 132 130 131 136 139 142 139 141 139 141 137 134 133 138 137 140 137 144 149 155 153 151 151 152 142 140 142 155 159 165 172 179 185 188 190 191 189 188 189 191 193 195 197 198 198 199 203 202 188 159 134 121 133 160 151 110 58 43 46 46 46 47 57 84 117 140 147 149 152 153 153 153 153 153 153 153 153 153 153 153 102 
62 93 94 94 96 99 109 124 144 158 167 170 170 164 150 124 96 80 80 88 92 93 92 92 93 95 95 93 84 125 159 199 185 173 160 152 136 122 112 118 122 122 123 128 133 132 129 127 129 132 135 138 138 135 135 131 126 114 107 114 129 133 133 126 129 128 127 123 121 118 115 101 109 128 153 162 171 179 187 188 191 190 190 189 190 192 194 196 197 198 198 198 200 198 185 159 129 111 110 135 155 129 83 43 44 45 46 46 50 67 98 127 143 147 152 154 154 153 153 153 153 153 153 153 153 153 153 102 
63 94 96 96 98 101 110 125 144 158 167 170 171 165 150 122 93 78 79 88 92 93 93 93 94 96 97 95 86 125 160 202 190 176 157 146 131 121 112 115 117 118 123 129 132 129 125 126 128 131 132 134 133 128 124 120 115 106 93 101 117 131 123 106 103 102 102 90 84 79 75 69 92 123 159 170 180 186 190 191 190 189 189 189 191 194 197 197 197 198 198 189 177 163 145 125 104 104 122 155 154 112 63 40 44 44 45 44 54 80 114 137 146 149 154 154 154 153 153 153 153 153 153 153 153 152 152 101 
64 96 97 96 97 101 112 128 146 160 168 171 170 164 149 122 94 79 80 87 92 94 96 96 97 98 98 95 88 122 159 200 195 177 150 135 124 122 112 113 114 121 127 130 129 125 125 126 128 130 130 129 127 125 123 118 106 93 77 83 96 110 109 99 100 88 79 60 54 44 51 67 105 139 166 179 185 189 190 189 189 189 189 189 191 194 197 197 198 188 176 154 139 123 111 104 109 128 142 145 111 76 46 43 45 45 46 45 63 94 127 142 148 153 157 155 154 153 153 153 153 153 153 153 153 152 152 101 
65 98 98 97 97 100 111 127 146 160 168 171 170 164 149 122 93 78 79 87 92 93 96 97 98 98 96 95 90 113 150 189 198 178 150 132 125 123 114 112 117 125 128 127 124 125 125 128 128 131 128 125 124 117 108 101 93 87 70 77 87 95 88 81 89 84 77 54 44 49 71 106 137 160 177 184 190 190 188 188 188 189 189 189 190 193 196 189 182 162 146 120 105 101 108 121 137 149 139 113 77 58 46 44 44 46 48 51 76 108 137 146 152 158 158 155 153 153 153 153 153 153 153 153 153 152 152 101 
67 100 98 96 96 99 111 127 146 159 167 170 170 164 150 124 96 80 80 87 91 92 95 96 97 96 95 95 92 100 138 175 201 181 156 139 133 129 117 116 122 126 124 121 122 124 126 129 131 134 128 120 109 101 91 84 74 63 56 69 82 84 82 83 91 79 73 57 64 75 111 140 163 174 180 184 185 186 185 185 186 188 189 190 192 187 176 159 151 137 126 114 115 124 134 149 155 144 106 69 48 47 47 45 45 46 48 60 91 122 143 149 156 161 160 158 155 154 153 153 153 153 153 153 153 153 152 101 
68 101 99 97 97 100 110 125 144 158 167 170 171 165 152 125 97 80 80 87 90 91 94 95 95 94 95 97 95 92 128 165 202 184 165 147 136 125 118 122 124 121 117 119 122 124 126 129 126 127 116 107 91 83 72 66 58 55 59 74 82 80 79 83 82 67 70 76 95 117 143 167 174 179 180 181 182 182 181 182 185 188 189 189 174 157 139 128 120 119 127 135 140 151 163 167 148 110 72 52 49 51 48 45 45 46 51 73 105 133 146 153 160 162 161 160 158 156 154 153 153 153 153 153 153 153 152 101 
69 102 100 98 98 100 110 125 144 158 167 170 171 165 153 126 98 80 80 87 90 91 93 93 93 93 96 98 97 91 114 152 191 187 170 152 137 125 119 123 122 118 118 119 121 123 127 126 113 107 96 91 75 68 65 59 52 51 64 73 69 64 76 79 85 62 82 91 132 148 171 180 183 181 179 179 178 177 178 181 185 188 187 174 147 120 102 104 108 123 137 153 161 171 163 147 105 73 49 47 52 53 49 45 47 48 57 84 115 139 148 156 162 162 162 162 161 158 155 153 153 153 153 153 153 153 151 100 
69 102 100 99 98 99 107 123 143 159 168 171 171 165 153 126 98 80 79 86 89 91 92 93 92 94 96 99 98 95 104 136 172 185 178 155 137 122 121 123 120 119 121 121 122 124 128 121 103 89 80 78 69 59 64 59 56 53 64 68 59 56 71 74 84 74 96 116 149 172 181 187 181 179 178 177 176 175 178 181 184 187 186 166 124 96 88 105 110 120 134 153 166 162 137 103 69 53 45 49 52 53 49 46 47 52 69 97 122 140 149 159 162 162 162 162 162 160 157 154 153 153 153 153 153 153 152 101 
70 103 100 99 97 96 103 120 142 159 168 171 171 165 153 126 97 79 77 85 88 90 90 92 93 95 96 99 101 101 97 113 149 178 189 163 144 124 119 118 119 121 121 119 121 123 119 107 90 77 75 73 67 55 65 60 62 54 61 60 55 52 65 63 83 85 114 132 162 179 186 184 179 177 176 174 173 174 178 182 184 188 188 166 129 98 91 99 110 119 136 147 148 128 89 61 43 46 47 51 52 50 47 45 48 57 80 105 126 140 152 161 162 162 162 161 160 159 158 156 155 154 154 153 153 153 151 100 
69 102 100 99 96 94 100 118 141 159 168 171 171 166 154 127 97 78 76 84 89 92 93 94 94 95 96 100 103 105 101 101 137 171 200 171 147 123 119 118 118 120 120 121 120 118 106 93 79 72 74 71 65 56 64 67 66 56 53 53 51 49 61 68 84 97 121 151 169 182 181 177 173 172 173 172 171 174 180 185 187 189 192 181 148 113 89 89 95 108 129 141 129 90 55 42 45 50 51 53 51 47 44 44 48 64 90 113 129 141 155 162 162 162 162 161 160 160 159 157 156 155 155 153 153 153 152 101 
68 101 100 99 96 93 99 117 141 158 167 170 171 166 154 127 97 78 77 85 91 94 96 96 96 96 97 101 105 108 104 95 132 167 203 171 143 119 116 115 117 119 120 121 110 100 83 74 64 59 67 70 69 63 60 70 68 63 49 45 47 52 67 82 96 112 138 163 176 178 175 170 168 169 169 169 170 177 184 190 192 193 195 190 163 123 86 73 77 99 126 134 105 66 42 43 47 51 53 54 51 46 43 43 51 74 101 121 133 144 157 161 162 162 161 160 159 160 160 158 157 155 155 153 153 153 152 101 
66 99 99 99 96 93 99 117 141 158 167 170 171 166 154 127 97 78 78 86 92 95 98 97 96 96 98 102 105 108 106 99 133 169 193 160 127 112 114 115 118 119 120 119 99 83 66 62 55 49 57 64 68 67 57 65 63 67 52 44 44 59 81 105 115 134 150 171 177 177 170 165 166 168 168 168 173 181 189 194 196 196 198 196 176 137 87 63 58 90 120 129 100 62 45 45 49 52 55 54 51 46 44 45 59 87 113 130 137 147 155 158 160 161 161 160 159 160 160 158 156 154 154 153 153 153 153 102 
66 99 99 99 96 93 99 117 141 158 167 170 171 165 153 127 99 80 79 86 92 95 98 98 98 98 99 108 111 114 107 102 126 163 175 150 114 107 113 116 119 111 106 100 83 70 57 54 49 44 52 57 63 67 61 62 67 68 58 41 54 81 112 132 138 152 161 177 177 175 167 164 164 165 165 168 177 185 192 195 197 199 201 202 186 149 98 61 51 75 113 121 99 61 47 46 49 53 56 54 50 47 45 47 68 98 125 138 144 150 151 152 154 156 157 157 157 158 159 158 156 154 153 153 153 153 153 102 
66 99 99 98 95 92 99 117 141 159 168 171 171 165 153 128 100 81 79 87 93 96 98 98 97 97 99 109 112 114 108 106 117 155 157 146 107 108 112 119 118 106 91 80 67 65 54 54 46 46 48 49 53 61 64 64 78 72 65 51 74 112 139 156 154 159 162 178 177 174 164 162 162 162 166 172 182 188 193 196 198 201 204 206 195 161 111 65 48 60 103 114 100 61 47 48 50 55 57 54 49 46 44 52 80 110 134 143 150 153 149 148 148 150 152 152 152 153 155 156 155 154 153 153 153 152 151 100 
66 99 99 97 94 90 98 116 141 159 168 171 171 165 153 129 102 83 80 87 94 97 99 99 98 98 99 110 113 116 110 110 110 138 140 139 112 113 120 123 113 92 76 64 56 55 53 55 50 49 48 48 49 60 66 67 79 64 72 69 107 136 160 169 165 161 164 176 174 168 160 160 160 162 168 176 184 190 194 197 198 201 204 207 200 171 125 75 49 49 92 111 103 64 47 50 52 56 56 53 49 47 45 60 90 120 140 148 157 157 152 149 147 148 149 149 149 149 150 151 151 152 152 152 152 151 150 99 
66 99 99 96 93 89 98 116 141 159 168 171 171 165 153 128 101 83 81 89 95 98 99 99 98 98 100 106 109 111 110 110 110 123 126 126 117 119 124 119 103 80 69 58 51 44 47 58 58 56 47 48 49 56 65 63 70 63 82 103 132 156 167 176 172 166 167 172 170 163 157 158 161 165 172 179 186 192 194 197 197 201 204 207 203 179 137 85 52 47 86 111 104 68 48 51 54 56 55 51 49 46 49 72 103 130 143 151 158 157 155 154 153 152 151 149 147 146 146 147 147 147 148 148 150 149 148 97 
65 98 99 96 93 89 97 115 140 159 168 171 171 165 153 127 100 82 81 89 95 98 99 99 99 99 101 106 109 112 112 113 119 120 131 124 128 120 126 110 94 64 65 55 55 43 53 63 63 56 46 48 53 56 63 51 58 61 99 127 155 161 170 174 176 172 167 163 158 156 158 162 166 169 173 178 184 190 192 195 196 200 203 206 205 186 146 94 56 48 78 108 104 75 51 52 55 54 52 49 49 47 57 84 113 135 145 155 160 158 157 157 158 158 156 153 150 147 145 144 144 143 143 142 144 144 145 96 
65 98 99 97 94 91 98 116 140 159 168 171 171 166 154 127 99 81 81 90 96 99 99 99 99 99 102 107 111 113 112 121 124 114 106 108 124 123 114 94 83 60 69 55 58 42 52 61 59 54 46 46 56 55 61 46 60 81 118 148 163 166 169 174 182 167 151 134 132 136 146 158 167 171 173 175 180 186 189 192 193 197 201 204 202 182 141 91 54 45 65 100 101 84 55 54 56 54 51 47 47 47 66 95 123 139 147 156 157 155 155 156 159 160 159 156 153 150 148 146 145 142 140 138 139 139 140 93 
65 98 99 98 95 92 97 115 139 159 168 171 171 167 155 128 99 81 81 89 96 99 100 99 99 99 102 106 111 114 117 131 126 107 89 99 118 116 97 81 73 62 70 56 56 43 56 63 59 51 45 46 57 57 53 55 77 109 138 161 172 168 170 174 175 157 140 129 125 123 122 128 143 158 168 171 175 182 187 190 191 193 193 186 172 150 119 84 55 45 55 93 98 90 58 56 57 53 49 47 47 51 75 104 130 141 149 156 156 155 154 154 156 158 158 156 154 152 151 149 148 146 143 140 138 137 137 91 
65 98 99 99 96 92 97 115 139 158 167 171 172 169 157 130 100 82 81 89 96 99 100 98 98 98 101 104 109 117 124 141 126 106 75 95 105 105 75 71 67 71 69 61 52 43 47 59 56 53 42 43 55 56 58 67 99 134 159 174 175 173 168 165 154 134 119 117 114 110 101 105 120 139 155 164 170 179 186 189 187 181 170 157 139 124 101 79 56 45 48 88 98 95 60 56 57 53 48 47 48 59 86 113 135 143 151 154 153 153 153 153 154 155 156 155 154 153 153 152 151 150 147 145 142 140 137 90 
65 98 99 99 96 91 96 114 139 158 167 171 172 169 157 131 101 83 81 88 95 98 100 97 97 96 99 105 114 126 135 144 130 119 94 96 85 82 74 73 71 72 64 62 47 49 46 59 60 57 45 41 48 48 62 92 131 158 172 182 181 169 152 132 113 102 96 103 98 92 83 87 104 124 142 155 165 177 187 190 184 164 135 109 89 84 77 72 58 46 45 87 104 101 65 57 58 52 46 47 48 68 95 122 137 144 152 153 153 153 153 153 153 153 153 153 153 153 152 152 152 153 150 148 145 142 138 90 
63 95 96 96 93 87 92 110 137 157 167 171 172 168 156 131 101 83 79 87 92 95 97 96 96 93 105 124 136 142 141 147 132 122 94 86 70 73 73 73 75 76 65 60 48 56 49 54 54 60 54 45 42 51 79 113 149 169 183 185 175 150 118 91 75 68 64 78 83 83 73 84 104 122 133 146 160 175 189 189 166 128 91 83 76 78 66 63 54 44 43 87 107 106 69 58 57 50 45 46 49 76 104 132 141 148 153 153 153 153 152 152 152 153 153 153 153 153 151 150 149 150 148 146 143 140 137 90 
63 94 94 93 90 84 89 107 136 157 168 171 171 166 154 129 100 82 79 86 91 93 96 95 95 89 110 140 158 154 143 147 126 104 72 62 57 64 70 74 78 76 63 51 45 59 58 56 50 54 57 48 43 58 95 140 167 180 185 182 161 120 84 63 57 52 52 71 95 98 88 87 103 120 130 140 156 176 193 179 141 93 69 78 80 75 54 50 49 43 41 86 105 108 71 60 57 49 45 45 53 83 112 138 144 151 153 153 153 153 151 150 150 151 151 151 151 151 148 147 146 147 145 142 139 136 134 88 
63 93 93 91 88 80 84 102 133 156 168 172 172 167 154 129 100 82 80 88 93 94 96 98 94 83 106 137 167 163 145 129 94 72 55 56 61 64 60 74 85 86 64 44 43 60 62 60 45 49 51 47 52 80 118 152 170 183 183 169 140 106 74 64 63 63 62 93 134 148 119 98 99 115 126 137 156 180 190 168 117 77 63 96 104 95 58 44 43 42 41 87 101 110 71 60 53 48 46 46 62 92 122 141 147 153 152 151 151 152 150 148 148 150 151 150 149 148 146 145 144 143 141 137 134 132 134 90 
65 95 94 91 88 80 84 102 133 156 169 174 175 170 156 130 102 85 85 93 98 98 95 89 83 80 107 132 167 156 138 101 75 66 62 60 56 57 60 82 97 97 70 47 41 54 56 58 46 42 42 47 66 100 136 165 180 181 171 148 129 111 94 85 85 89 96 124 163 177 152 122 109 115 123 135 156 184 185 154 111 90 96 122 125 103 63 45 45 47 45 89 101 114 74 60 49 47 47 49 72 101 130 141 148 152 151 149 149 150 149 147 147 148 149 147 146 145 143 142 141 140 137 135 136 140 146 99 
66 97 95 91 86 77 81 101 133 157 169 175 177 173 158 132 104 88 88 97 102 103 92 86 86 95 115 127 148 132 109 76 61 70 66 62 51 61 69 90 104 105 81 55 46 48 48 50 45 41 38 53 85 128 153 172 176 169 150 132 128 128 121 113 108 107 112 130 155 167 152 133 120 120 124 134 155 185 182 160 125 115 114 118 111 91 65 50 46 51 49 91 104 119 79 59 46 47 48 56 82 111 136 143 150 152 151 148 147 148 148 147 146 148 149 147 145 143 141 139 138 138 139 142 148 156 164 112 
66 97 94 89 84 76 81 101 133 157 169 175 178 174 160 133 105 89 89 99 104 105 99 97 107 115 121 121 119 96 72 60 72 90 84 68 53 65 76 87 97 106 91 66 48 44 45 46 45 39 47 70 108 144 168 180 168 147 129 127 134 139 139 134 129 126 132 139 149 153 153 142 131 124 125 132 152 183 187 169 143 133 133 120 107 87 72 59 51 54 51 89 108 121 83 56 45 47 47 64 90 120 138 145 152 152 151 149 147 147 146 146 145 146 146 145 143 141 138 135 136 142 151 160 168 176 180 121 
65 96 92 87 81 72 77 98 132 157 169 175 178 174 161 134 105 88 88 99 105 107 106 112 124 120 110 95 80 67 53 69 76 94 78 66 54 64 78 88 97 104 87 67 47 45 45 45 43 40 57 86 132 159 180 169 148 123 120 129 140 146 149 150 146 140 139 139 144 148 154 147 138 128 128 130 149 180 193 185 161 145 132 114 103 94 83 66 50 52 49 86 111 122 84 52 44 46 46 71 98 130 141 149 153 153 151 149 146 146 145 145 144 145 145 144 141 137 134 135 143 156 169 178 183 186 186 124 
63 92 88 83 78 69 73 94 129 156 170 176 179 174 162 135 105 87 86 97 103 107 117 129 139 125 103 79 64 64 65 78 84 92 79 61 53 64 82 89 101 103 92 71 51 46 43 44 43 54 78 112 146 171 172 146 116 107 117 130 142 149 154 156 158 158 158 157 159 160 160 150 142 132 130 128 146 176 195 191 170 154 141 129 119 110 93 71 53 52 48 83 113 122 83 47 43 46 51 79 106 135 142 151 153 153 151 150 147 146 144 144 144 144 144 142 139 134 135 143 159 175 185 189 189 189 188 125 
59 87 84 80 74 65 69 92 128 156 170 175 178 173 162 135 105 86 85 98 107 114 119 121 117 105 90 73 62 66 79 97 93 85 61 51 47 58 74 90 95 91 84 76 62 48 42 43 45 66 92 133 160 169 144 109 97 105 120 130 140 149 156 162 166 168 169 168 168 165 161 151 144 135 131 127 142 172 195 194 175 157 146 135 127 119 99 74 55 55 51 82 112 121 83 45 41 43 57 86 116 139 145 153 153 152 151 149 147 145 144 144 144 144 143 140 136 134 141 157 175 188 191 191 189 189 190 127 
55 81 79 76 71 63 67 91 126 155 168 174 177 173 162 135 105 86 85 97 106 115 117 114 107 101 86 74 67 75 89 96 96 77 59 46 45 55 64 77 77 76 87 93 83 56 41 40 54 81 118 151 167 151 109 82 87 110 121 129 137 146 154 162 168 172 172 171 170 166 161 151 145 137 132 127 139 169 195 195 177 157 147 135 128 120 99 73 54 57 53 81 107 119 85 51 44 46 66 95 127 142 148 153 153 151 150 148 147 145 144 144 144 143 141 137 134 139 154 173 186 192 192 191 190 191 193 129 
51 76 75 73 69 62 67 91 125 154 166 172 174 171 161 135 105 86 85 97 106 114 115 110 94 86 75 75 70 69 85 94 96 71 54 46 46 47 55 64 57 57 73 104 97 70 43 40 62 89 135 164 163 120 76 69 92 114 123 130 136 145 152 160 166 171 172 172 170 165 158 149 143 136 130 126 136 165 193 194 177 155 147 137 131 122 98 71 51 58 55 79 101 120 92 61 45 48 72 101 136 146 153 153 153 151 149 146 145 144 144 143 143 141 138 133 134 148 167 183 188 190 190 191 192 194 196 131 
50 74 72 70 67 60 66 90 124 153 165 172 173 170 160 135 105 87 85 94 105 116 110 98 91 93 86 72 68 64 86 90 92 65 53 47 45 42 52 58 57 59 81 107 111 80 53 47 75 113 154 164 136 90 61 71 90 112 122 129 135 144 151 157 162 167 170 171 169 163 154 144 138 133 128 125 134 162 191 193 177 154 146 137 131 120 94 67 48 59 56 76 95 122 99 71 47 57 82 111 142 150 157 154 153 151 148 145 144 144 143 141 140 138 135 132 140 159 178 188 189 189 190 193 197 199 199 132 
49 73 72 69 65 57 64 89 124 153 165 171 171 168 158 134 104 85 88 101 113 119 106 102 92 96 83 74 74 71 89 93 93 68 54 47 44 41 58 63 66 66 96 109 115 77 57 56 83 132 154 150 101 67 54 74 88 109 120 128 134 142 147 153 157 162 165 167 166 161 151 140 132 127 123 121 130 155 187 192 179 154 145 137 130 116 88 62 48 60 56 68 91 125 106 73 42 63 91 122 144 151 156 153 152 151 148 145 144 144 143 140 138 136 133 136 150 171 185 189 189 190 193 198 202 202 200 132 
50 74 72 69 64 54 61 87 124 153 165 171 171 168 158 134 104 84 87 102 117 125 102 91 83 94 86 71 75 77 92 94 95 75 58 45 42 41 55 65 77 79 104 93 98 60 63 71 108 151 148 115 65 54 60 78 86 106 118 127 133 140 144 149 152 156 160 163 163 158 148 136 128 124 122 121 129 151 184 192 182 156 144 135 127 108 79 54 48 60 56 61 88 125 112 75 43 71 101 133 145 152 154 152 150 149 147 145 144 144 143 141 138 135 133 144 163 182 189 189 190 193 198 202 205 204 203 134 
51 75 73 69 63 52 58 85 124 154 166 171 171 168 158 134 103 86 93 109 116 114 94 91 85 93 84 81 81 89 89 99 97 82 62 44 43 44 64 72 86 80 94 75 67 57 77 99 127 149 128 87 44 56 65 83 87 105 117 125 131 137 141 146 149 153 156 158 158 154 145 133 127 125 126 123 128 146 180 192 183 157 143 135 125 99 69 46 48 59 55 54 85 123 118 76 47 77 110 140 146 152 151 149 147 147 146 145 144 144 144 143 140 135 136 152 173 188 190 190 193 198 202 203 204 204 205 136 
52 77 74 70 63 52 59 86 125 153 165 170 172 169 160 136 106 89 89 100 108 107 92 82 86 93 87 81 75 85 81 106 101 89 59 45 43 44 58 64 86 77 76 48 40 63 101 137 151 139 101 59 34 60 69 87 88 105 117 124 130 136 141 144 147 150 154 155 155 151 142 131 126 118 117 114 123 140 171 183 176 153 141 133 116 86 58 43 51 60 57 51 82 117 122 80 60 86 121 144 148 153 151 148 145 145 145 145 144 144 144 143 139 134 141 160 181 190 191 192 196 201 204 204 204 205 207 138 
51 76 74 70 64 56 66 93 130 155 166 170 172 170 161 137 106 89 89 98 105 99 87 76 84 84 84 80 83 87 82 106 97 90 58 50 50 50 60 59 78 71 65 42 42 83 127 165 147 114 69 47 36 62 71 90 90 106 117 123 129 135 141 144 146 149 152 153 153 150 143 132 127 117 117 112 118 130 158 172 168 149 138 130 106 76 50 44 54 63 60 49 77 109 124 85 75 96 131 146 149 152 149 146 144 144 144 144 144 144 143 141 136 135 148 168 185 190 193 197 201 204 205 205 205 206 206 137 
49 74 74 71 67 63 77 103 135 155 164 168 172 172 163 139 108 87 82 91 102 97 83 72 76 78 77 76 80 80 80 98 98 101 69 57 60 64 62 51 67 73 71 65 72 98 134 154 130 81 49 41 40 64 74 95 95 109 118 123 129 134 140 143 145 148 151 153 153 151 146 138 131 118 116 113 125 137 159 165 160 145 136 121 91 63 45 47 58 66 64 50 73 102 122 90 88 105 140 148 151 151 148 145 144 144 144 144 144 144 142 139 133 137 154 175 188 191 196 200 203 204 206 207 207 207 206 137 
49 74 74 72 68 68 84 111 140 157 165 168 172 173 164 140 107 86 81 91 105 100 85 69 70 75 76 72 74 75 83 92 101 112 91 71 72 75 71 52 66 82 94 100 104 114 131 129 97 58 45 47 45 65 77 98 99 112 120 124 129 133 138 141 143 147 150 153 153 152 150 144 138 132 137 137 147 154 168 167 158 144 134 111 82 55 46 49 59 67 67 54 68 96 117 99 100 115 145 149 152 150 147 144 144 144 144 144 144 143 140 137 132 141 159 180 190 194 200 204 205 205 206 207 207 207 206 137 
48 73 73 72 67 69 87 115 142 157 164 167 172 174 165 141 107 86 80 95 108 102 83 72 70 79 68 68 62 72 79 87 100 116 107 89 81 78 70 56 77 104 133 136 125 119 116 100 69 46 51 51 48 64 79 100 103 113 121 124 129 132 136 138 140 144 147 150 150 151 150 148 143 141 151 158 173 179 183 171 155 142 128 97 68 47 48 52 61 66 66 55 61 90 110 109 109 124 147 150 153 150 147 144 144 144 144 143 143 142 140 137 132 144 162 183 191 196 202 205 205 205 206 207 207 207 207 138 
47 71 69 69 64 67 85 114 142 157 165 168 173 174 165 141 106 85 81 96 111 102 88 79 77 77 62 62 62 71 77 83 89 107 110 113 91 74 63 63 95 124 151 139 125 113 99 75 53 48 53 53 50 62 79 98 103 110 120 124 129 132 135 136 137 140 143 146 146 147 147 147 146 148 164 175 188 189 187 171 153 139 117 85 56 45 49 55 63 65 63 53 55 87 108 123 119 133 146 150 152 149 146 144 144 144 144 143 143 142 140 136 132 146 165 186 194 200 205 207 206 206 206 207 207 207 207 138 
44 66 64 65 63 66 85 113 142 158 166 169 173 174 165 141 106 85 85 99 112 96 81 79 76 75 56 60 68 76 79 77 76 88 99 116 94 78 71 97 131 149 151 131 112 95 76 57 46 46 51 55 52 62 78 95 101 106 118 123 128 131 134 135 135 136 138 139 139 140 142 144 145 147 159 169 179 179 176 160 146 129 102 71 47 46 51 58 65 66 63 52 50 84 108 133 127 139 146 150 151 148 145 144 144 144 144 143 143 142 140 135 132 147 168 189 197 202 206 207 207 207 207 207 207 207 207 138 
41 61 60 61 62 66 85 113 142 159 167 171 174 174 164 141 106 92 91 102 112 95 86 73 72 67 55 57 73 83 90 80 74 82 90 108 95 92 101 134 161 158 134 119 102 85 59 45 46 46 50 58 55 64 74 88 94 101 116 123 127 130 133 136 136 135 129 122 119 121 127 128 129 128 136 144 150 148 146 140 138 117 87 57 44 48 53 61 68 69 65 54 48 83 110 141 134 143 147 150 150 147 145 144 144 144 144 144 144 143 140 134 133 148 171 192 201 205 207 207 207 207 207 207 208 208 208 138 
37 56 58 59 61 67 88 116 143 160 168 173 175 174 163 139 115 100 97 103 113 99 82 62 61 61 56 56 79 92 104 86 83 83 86 91 95 107 128 162 172 154 129 114 93 66 45 47 45 47 49 60 56 65 69 81 87 98 115 122 125 127 131 136 138 137 128 118 113 114 120 121 124 124 129 136 139 134 130 129 129 102 72 48 45 49 54 63 69 72 67 57 46 79 108 143 139 146 149 150 150 147 147 145 145 144 144 144 144 143 140 134 135 151 176 196 204 206 207 207 207 207 207 207 208 208 208 138 
34 52 56 56 59 68 90 118 143 160 168 174 176 174 163 143 120 103 94 102 110 100 91 66 62 55 58 59 86 97 110 89 89 88 84 88 105 122 142 154 153 141 121 105 79 57 44 47 45 48 48 58 55 62 63 73 80 93 111 119 122 124 128 134 138 139 130 119 111 111 115 116 120 125 133 141 139 133 127 130 119 89 58 45 45 49 52 66 72 76 67 58 48 79 109 145 143 148 150 151 151 149 149 146 145 144 144 144 143 142 139 134 137 155 181 200 206 207 207 207 207 207 207 207 208 208 208 138 
32 50 54 55 59 70 91 117 141 159 168 174 177 175 165 143 120 94 94 101 111 92 89 69 65 57 64 69 93 104 111 90 89 91 94 98 118 126 146 145 146 130 116 88 65 47 46 48 47 50 51 58 56 60 62 69 75 87 103 112 116 119 124 130 136 139 137 133 127 124 122 123 129 139 147 151 148 145 141 132 104 72 50 48 48 51 51 66 72 79 68 60 51 80 109 145 145 149 150 152 152 151 150 147 145 144 144 144 142 140 136 131 136 157 186 204 208 207 207 208 208 208 207 207 207 206 205 136 
31 48 50 51 58 71 91 115 138 158 167 174 177 175 165 143 110 87 89 102 101 81 88 76 71 57 62 72 95 105 110 90 89 93 98 106 118 122 147 144 152 125 99 67 50 50 48 48 48 51 53 56 56 57 60 64 70 79 93 104 110 115 120 126 132 136 137 135 130 127 124 124 126 132 137 141 140 141 134 118 85 59 46 49 49 51 48 64 71 79 67 61 55 83 111 146 147 150 150 153 153 153 151 149 146 145 144 144 141 138 133 128 134 158 189 207 209 207 208 210 210 209 206 206 206 206 205 136 
31 47 47 48 60 75 96 115 136 156 166 173 176 175 165 139 104 84 89 101 94 75 76 68 64 53 58 72 95 110 117 103 101 100 109 104 111 110 151 160 160 112 76 52 50 52 50 48 47 50 53 55 57 55 57 59 64 70 80 93 103 111 118 125 131 134 135 135 133 131 129 130 133 136 138 139 140 141 123 97 64 50 45 48 49 50 46 60 68 78 67 64 58 84 111 144 148 150 151 153 153 153 151 149 146 145 144 144 141 138 132 126 132 158 191 210 211 209 209 211 210 209 206 206 206 206 205 136 
31 46 45 45 61 78 101 116 135 154 165 172 175 173 163 138 104 86 84 95 85 77 70 64 58 50 52 64 87 103 113 109 111 103 107 100 103 102 142 149 135 83 55 45 49 52 51 47 46 47 49 50 55 53 55 56 60 63 69 82 94 105 114 122 128 132 134 135 135 136 138 142 146 148 148 148 147 141 110 79 50 46 46 50 51 49 44 59 69 79 69 66 61 83 111 142 148 149 151 153 153 152 150 148 146 145 144 143 140 137 132 126 133 161 194 213 212 210 209 210 209 208 206 206 206 207 207 138 
31 46 45 46 62 79 102 116 135 153 165 171 174 172 163 139 105 85 82 88 82 80 70 63 53 51 53 64 83 97 100 106 113 110 110 101 106 101 126 123 103 65 46 46 50 53 53 48 46 45 46 48 54 53 54 54 56 59 60 69 79 93 107 118 126 131 134 137 140 144 149 154 159 162 163 158 153 133 98 64 44 45 48 52 53 50 47 62 74 83 74 68 62 81 111 141 149 149 152 152 151 149 147 145 144 144 143 141 138 136 132 125 135 164 198 214 212 210 208 208 207 207 206 205 204 204 204 136 
30 45 45 46 60 77 101 117 136 153 165 171 174 172 163 138 103 80 78 80 76 77 71 67 55 54 54 61 80 85 83 88 103 115 117 118 121 109 111 87 73 50 47 48 52 55 54 48 47 47 47 47 51 53 54 54 54 59 59 62 64 75 91 105 116 124 131 136 141 147 154 159 162 164 164 158 151 120 88 55 48 48 52 54 54 51 51 67 79 85 77 69 63 80 111 141 147 146 148 149 148 146 145 144 144 144 142 139 136 135 131 123 138 169 204 214 211 208 207 207 207 206 204 202 199 194 182 117 
30 45 45 45 55 71 95 115 135 153 165 171 174 172 163 137 101 89 87 86 68 68 67 68 56 54 51 56 80 84 84 78 97 110 114 116 126 123 118 89 70 51 48 50 55 56 54 47 46 48 48 48 48 51 52 54 55 60 61 60 58 63 76 91 104 113 122 129 137 144 151 157 159 159 157 150 143 107 78 50 51 52 54 54 52 49 52 69 82 86 79 70 66 83 114 140 141 136 137 140 141 142 143 144 144 144 141 138 134 133 128 122 142 174 207 212 209 207 207 207 207 205 199 189 171 151 129 80 
31 46 45 42 50 66 90 112 133 153 165 171 173 171 161 135 116 105 104 84 63 59 62 67 57 53 49 51 78 93 99 80 85 92 111 113 131 123 119 97 80 61 48 48 56 55 54 46 47 48 48 47 46 48 50 53 55 57 60 62 65 71 82 95 106 114 122 127 134 141 148 154 156 156 154 152 151 129 100 67 56 52 54 52 50 47 51 69 82 86 80 72 69 88 118 139 132 122 123 128 131 133 135 138 140 141 139 137 134 132 126 124 148 181 209 211 208 207 207 206 204 197 180 154 123 97 78 47 
34 50 48 42 46 59 80 104 128 151 164 170 172 169 159 145 127 116 108 87 64 55 60 67 57 57 53 53 74 96 112 87 82 82 101 102 114 115 113 107 100 83 60 49 60 58 57 47 49 48 48 47 46 46 49 53 55 53 57 64 78 89 100 108 114 118 123 127 134 140 145 149 150 151 153 157 163 156 139 116 95 75 61 53 51 48 53 72 85 87 80 73 72 95 123 139 127 114 114 116 119 121 123 126 129 131 131 131 130 128 123 127 154 186 207 208 206 207 206 203 197 183 151 112 75 57 54 37 
48 67 58 47 47 55 70 93 121 148 163 169 171 170 163 150 131 108 99 75 60 50 56 63 54 62 61 65 67 92 104 94 83 89 104 100 103 100 99 112 114 116 76 61 59 59 59 48 51 48 49 47 47 45 48 51 53 51 55 65 86 104 119 123 126 128 132 134 137 140 143 144 145 148 156 167 180 187 181 166 144 124 100 74 54 44 52 72 84 85 77 72 69 97 124 142 128 118 118 116 115 113 112 112 114 116 117 118 119 119 115 125 155 189 206 206 205 207 205 198 179 149 107 73 53 54 63 46 
66 93 80 65 57 55 61 81 113 144 161 167 170 170 164 151 121 109 94 80 53 44 54 58 53 65 69 80 66 80 92 98 100 98 102 96 92 97 101 118 118 119 93 77 69 61 61 50 53 49 50 48 48 46 48 52 55 54 56 66 87 106 119 122 124 126 130 133 136 137 138 138 140 146 157 169 180 188 193 196 188 174 150 125 89 61 53 72 83 83 74 72 68 98 122 145 133 128 126 122 119 116 113 109 106 104 103 103 107 110 106 117 149 186 204 204 205 206 200 183 149 112 78 64 60 68 76 54 
83 119 106 90 76 62 57 72 106 141 160 167 170 170 164 144 122 113 95 73 43 39 57 66 71 77 78 86 61 73 74 99 99 97 91 90 96 107 114 124 114 107 96 82 72 55 58 51 54 49 49 48 49 48 49 53 60 59 57 64 84 105 116 120 122 126 130 134 135 135 135 136 140 148 159 170 179 186 190 193 195 198 192 175 141 98 69 68 75 78 70 69 64 95 119 147 137 137 135 132 128 125 121 116 110 105 100 97 102 107 101 113 145 187 205 205 206 203 184 150 108 79 65 66 71 78 82 56 
87 131 128 117 99 75 59 69 103 141 161 168 170 168 158 151 134 125 91 67 41 40 57 66 73 73 73 81 70 72 71 84 89 80 79 84 97 110 122 129 110 99 95 95 81 60 55 51 53 49 48 49 49 50 51 55 65 64 59 62 80 104 115 119 122 126 131 134 135 135 135 137 142 151 160 169 176 182 186 189 192 195 200 203 189 156 108 85 70 71 66 67 64 93 116 146 140 142 140 138 135 133 130 126 120 113 107 102 108 112 105 118 149 191 206 206 206 195 158 113 78 71 73 78 83 87 87 57 
82 129 137 135 121 92 68 71 103 142 163 170 171 168 158 163 142 116 69 50 42 45 58 67 72 70 69 69 63 65 63 76 73 72 66 81 95 115 125 129 111 103 97 105 84 67 51 52 54 51 49 50 50 52 53 56 69 72 65 63 78 103 115 118 123 128 133 136 136 136 136 140 147 155 161 167 172 178 182 186 189 193 198 203 206 194 162 116 77 59 59 63 63 91 115 144 141 144 142 140 137 136 134 131 127 122 117 112 115 118 114 133 162 199 207 207 203 182 132 88 67 76 82 87 91 94 90 58 
67 113 135 145 138 109 77 74 103 144 165 171 172 170 160 169 143 111 58 43 41 49 54 57 51 55 58 64 60 64 61 70 69 70 68 76 87 104 117 129 116 113 108 120 94 70 47 50 53 51 49 50 50 52 53 55 71 80 73 67 76 102 117 120 127 130 135 136 136 136 137 141 148 154 159 163 168 174 179 183 186 190 195 200 204 208 196 162 106 67 52 57 63 91 117 142 142 144 143 141 139 137 136 132 130 126 124 120 122 124 125 148 176 205 208 206 195 162 113 82 75 86 90 96 98 97 92 60 
49 91 124 148 151 124 86 77 102 144 165 171 172 170 161 159 135 98 55 37 41 49 54 55 48 59 61 66 49 56 55 74 70 76 72 82 85 96 106 119 126 112 106 101 90 69 48 49 54 51 49 49 50 52 52 55 74 89 81 71 75 102 118 123 128 131 134 136 136 136 138 142 149 153 158 161 166 171 176 180 184 188 193 197 202 206 211 193 143 86 51 49 63 92 121 140 143 144 143 140 138 136 136 133 132 129 127 123 125 130 140 164 188 207 208 205 184 143 101 82 84 92 96 100 98 96 94 63 
33 71 112 148 158 132 89 77 100 144 165 171 173 172 164 150 129 91 60 38 43 48 51 50 44 64 63 73 49 58 53 70 68 74 73 81 83 87 100 117 134 109 95 89 92 74 50 47 54 50 48 48 49 51 51 57 77 93 84 73 76 104 121 126 129 131 134 135 135 136 139 142 146 149 154 158 164 169 174 177 182 186 192 195 201 204 210 211 182 122 65 40 65 96 129 140 144 144 144 141 139 136 135 133 132 129 126 123 130 142 159 180 198 209 209 201 169 126 92 85 91 97 101 100 95 93 95 65 
26 60 102 144 160 135 89 75 98 144 165 171 173 172 165 148 128 91 63 43 47 47 46 43 43 70 68 76 46 52 51 61 59 64 73 90 89 84 95 111 136 108 80 83 87 85 53 49 56 50 49 50 49 51 50 61 80 98 86 76 77 105 121 127 129 132 133 134 134 136 139 142 145 148 152 157 162 167 171 175 180 185 191 195 201 204 209 212 202 146 86 39 67 99 135 140 144 144 144 141 138 134 132 131 130 127 123 126 141 161 180 195 206 210 207 191 153 114 89 89 95 101 102 97 92 93 97 66 
22 53 95 140 160 135 89 74 98 144 165 171 174 174 168 153 125 89 59 47 47 45 43 41 50 79 77 74 43 50 48 53 50 56 67 89 90 83 92 110 132 112 90 105 113 103 68 51 59 52 50 51 49 50 50 66 86 104 88 80 80 107 122 128 131 133 134 134 134 137 140 143 144 147 150 156 160 166 169 174 178 184 190 195 201 204 208 210 213 175 114 51 66 101 140 141 144 144 143 140 137 134 131 129 127 125 122 135 159 185 198 205 211 212 204 176 136 103 90 95 100 103 99 94 92 95 98 66 
20 47 89 135 159 137 91 75 97 143 165 171 174 174 168 155 119 86 54 50 46 44 41 46 58 85 79 69 44 48 49 46 46 51 64 85 92 90 98 113 132 124 115 119 111 91 69 56 61 53 51 50 48 50 55 75 95 111 91 83 81 108 122 129 132 134 134 134 134 136 139 142 144 147 150 155 158 163 167 173 177 183 189 195 201 204 207 209 212 196 133 69 63 100 140 141 144 144 142 139 136 134 131 128 125 123 124 147 177 202 207 209 212 211 194 159 122 97 93 98 103 103 96 93 94 97 96 63 
18 42 83 131 159 141 96 78 97 142 165 171 172 171 165 151 114 81 53 49 45 43 47 52 63 78 73 61 47 49 50 45 47 50 57 70 80 90 104 122 126 124 122 131 127 100 77 56 60 55 52 48 46 51 63 87 107 118 94 85 84 111 123 129 133 135 136 134 134 135 138 140 142 145 149 153 156 160 165 171 176 182 188 194 199 203 206 208 211 211 153 90 67 101 141 142 143 141 139 137 135 135 133 130 125 122 127 155 186 207 208 209 211 206 181 145 112 96 95 101 104 101 93 92 95 97 93 60 
18 40 80 128 159 145 100 80 96 141 165 171 171 170 164 151 116 82 52 46 44 44 48 54 56 66 61 60 51 51 51 45 49 53 56 57 65 89 111 126 121 107 107 103 96 75 65 71 75 71 59 49 47 55 74 98 115 119 95 86 88 114 124 129 133 136 136 133 132 132 135 137 140 143 147 150 153 157 162 168 174 181 187 193 197 202 205 208 210 213 171 113 86 105 141 142 141 138 137 136 135 135 134 131 126 122 131 160 190 206 207 209 210 197 165 132 107 98 96 100 101 97 92 93 96 94 89 57 
20 39 76 122 157 147 103 81 94 139 164 171 170 169 163 154 121 85 52 43 43 43 51 52 52 55 56 56 49 52 52 48 45 54 60 61 61 81 103 117 112 97 94 88 85 72 62 68 70 72 60 51 49 60 83 105 120 118 96 88 94 118 127 131 134 136 136 133 132 132 134 135 138 141 145 148 151 156 160 166 172 179 185 191 195 201 204 207 208 211 192 139 112 110 142 143 140 137 136 136 135 135 134 131 127 124 133 160 187 202 205 208 208 185 152 122 106 99 96 96 95 92 92 95 97 94 90 58 
22 39 73 117 154 148 106 83 93 137 163 171 171 171 165 158 121 85 48 41 41 47 51 51 47 53 55 56 49 51 48 46 44 56 63 64 67 85 106 112 104 92 90 81 67 56 52 68 68 70 56 50 53 68 92 110 121 111 94 89 102 122 130 133 134 135 135 134 133 133 134 135 138 141 144 147 150 156 159 165 170 177 183 189 194 199 203 206 207 209 206 160 134 114 138 139 139 139 139 138 136 135 134 131 129 128 135 153 173 190 201 208 205 175 142 114 104 98 95 91 89 89 94 96 95 91 91 60 
23 37 67 110 150 149 110 86 93 135 162 171 171 171 165 159 122 88 50 43 42 49 53 51 48 53 55 55 50 52 50 47 50 55 64 67 73 79 89 97 93 92 98 102 82 60 47 53 50 51 46 48 57 76 98 113 120 103 90 89 109 126 132 135 136 136 136 135 135 135 135 135 138 141 144 147 150 155 157 162 167 174 180 186 192 197 202 205 207 208 210 175 150 119 128 126 131 135 139 140 139 137 135 132 132 133 136 143 154 175 195 208 199 165 132 107 100 96 93 88 86 90 96 96 93 91 91 60 
22 35 63 107 149 152 115 90 95 135 162 171 171 171 165 156 120 88 52 45 43 51 52 49 46 51 53 57 53 52 47 44 51 53 60 66 72 76 75 84 75 84 90 103 82 58 46 49 48 45 42 49 65 86 104 115 115 95 87 92 116 129 133 135 137 137 137 135 135 135 135 135 138 141 144 147 150 154 155 159 163 170 176 183 189 194 200 204 207 207 208 189 160 121 106 102 112 119 128 131 134 134 135 135 138 140 140 137 142 165 192 207 191 155 120 98 93 92 89 86 87 93 95 92 90 89 87 56 
20 32 58 103 147 155 119 92 95 133 161 170 171 171 165 153 121 93 60 52 46 49 47 47 50 53 54 58 55 52 47 45 51 49 61 76 89 79 65 67 68 77 85 88 73 49 45 45 44 42 44 55 74 94 109 116 105 88 85 100 122 131 134 135 138 138 138 135 135 135 135 135 137 139 142 145 149 152 153 156 160 167 173 181 187 193 199 204 207 207 208 203 166 121 85 82 90 96 105 110 116 119 123 129 138 144 144 138 144 168 195 203 178 139 105 89 88 87 85 86 91 95 92 91 91 89 79 48 
20 32 56 101 147 160 126 96 95 130 159 169 171 171 165 144 116 91 68 55 45 46 47 48 54 52 55 57 58 53 47 46 46 45 54 75 96 98 85 77 72 75 72 65 54 43 42 41 39 41 49 65 85 102 113 110 91 81 89 112 128 133 135 135 137 138 139 137 136 135 135 135 136 137 140 143 147 150 152 156 159 165 171 179 185 191 198 204 207 207 209 211 169 123 78 78 81 83 85 85 87 89 94 105 120 138 148 148 157 177 200 194 160 117 88 79 82 83 85 89 94 94 90 91 92 87 73 42 
25 40 61 102 146 165 134 103 98 129 158 168 172 172 167 140 116 89 72 54 45 45 47 48 54 52 56 56 59 53 49 46 48 44 52 62 92 105 111 97 91 75 67 51 48 43 41 40 38 45 58 77 95 108 111 97 78 79 99 123 132 134 135 135 136 138 140 139 137 135 135 135 135 135 137 140 144 148 151 155 158 164 170 177 183 189 196 202 206 207 209 212 179 136 93 86 86 84 80 75 70 66 64 71 94 130 157 161 169 184 201 179 136 93 75 74 79 82 88 92 93 89 89 93 93 83 66 37 
39 60 75 109 148 168 142 111 103 129 157 168 173 173 168 137 114 81 68 48 45 44 47 46 50 49 53 55 59 55 51 46 47 46 48 51 67 94 119 118 109 80 65 44 43 42 40 38 39 49 67 87 103 110 102 82 75 88 114 129 134 135 135 135 135 137 139 139 137 135 135 135 135 135 136 139 142 146 149 153 156 162 168 175 181 187 194 199 204 206 208 211 195 153 113 92 95 92 85 77 68 59 49 47 74 124 165 175 180 189 190 153 106 73 66 70 77 85 92 91 87 84 90 95 94 82 66 38 
51 79 92 119 151 170 149 119 109 130 157 168 174 174 170 141 117 78 62 44 46 46 46 46 46 47 48 53 55 57 52 47 47 47 54 49 61 78 107 114 112 85 66 44 42 40 39 38 44 58 78 96 105 100 85 74 84 104 125 132 135 135 135 135 135 137 138 139 137 136 135 135 135 135 135 138 141 145 147 150 154 160 166 172 178 184 191 196 202 205 207 209 207 165 126 92 99 98 93 86 78 69 55 46 72 125 172 185 184 180 160 117 79 63 65 72 81 89 91 85 80 82 92 97 94 80 66 39 
55 88 102 126 152 169 152 123 112 129 156 168 174 174 170 143 118 77 58 42 45 47 46 48 46 47 49 58 60 65 56 51 48 52 61 55 58 66 96 107 108 78 60 43 41 38 36 39 51 68 84 90 88 81 77 83 100 117 128 131 134 135 136 136 136 136 136 137 137 137 136 135 135 135 135 137 139 142 144 148 152 158 163 169 174 181 188 194 199 203 206 208 210 173 134 96 98 99 95 90 85 79 69 61 83 131 176 189 174 151 117 84 64 62 68 76 86 90 85 78 78 87 97 99 92 78 68 42 
48 81 100 123 148 167 155 127 115 129 156 169 175 175 171 142 115 74 57 42 43 47 47 53 48 48 50 64 66 74 66 62 55 51 59 60 66 71 87 101 100 75 53 42 40 39 39 44 53 64 73 79 79 78 85 98 114 122 127 130 133 135 136 136 137 137 138 139 140 140 138 137 136 136 135 136 138 141 143 146 150 155 160 165 170 177 184 192 197 202 205 207 208 185 145 107 95 99 98 95 91 88 83 79 93 132 170 175 148 113 86 69 64 68 77 85 90 85 76 74 81 94 101 98 86 73 66 43 
40 71 90 115 141 164 155 128 115 128 155 170 176 177 172 139 106 66 53 43 43 48 49 58 51 50 51 67 69 77 75 71 62 59 62 65 62 69 86 97 99 71 53 42 40 39 40 47 57 67 73 77 81 90 103 114 121 124 126 128 131 134 136 136 137 136 138 139 142 142 141 140 139 138 136 135 137 140 143 145 148 152 157 162 167 174 181 189 194 199 203 206 207 199 156 117 88 95 98 99 97 96 95 95 103 127 147 142 114 88 76 70 70 75 86 90 87 75 69 75 89 102 104 96 81 68 61 40 
36 62 77 102 134 163 159 132 117 128 154 171 177 179 173 136 98 59 51 45 44 48 50 58 53 51 52 61 61 72 83 83 67 62 61 68 65 70 83 92 97 74 53 42 41 41 46 54 64 72 79 90 101 110 116 120 124 125 127 128 131 133 135 135 136 136 138 139 142 143 143 143 142 140 138 136 139 141 144 144 147 150 156 160 166 171 178 185 191 196 201 205 207 207 164 123 85 92 99 103 103 104 105 106 107 115 120 111 97 86 84 78 77 81 88 87 80 70 70 81 97 107 104 90 73 61 55 36 
34 56 66 94 133 169 171 142 123 128 153 171 177 180 171 132 89 54 48 46 46 49 52 55 57 53 62 59 59 67 81 91 71 74 65 63 57 64 82 88 91 74 54 43 42 45 53 66 81 94 102 108 112 116 119 122 125 126 127 127 129 131 134 135 135 135 136 137 139 141 143 144 144 142 141 139 141 142 144 144 146 149 155 159 165 170 177 182 188 193 199 203 206 208 173 131 90 88 97 104 108 110 112 112 110 107 103 98 96 95 91 84 83 85 85 79 73 71 79 93 106 108 98 81 66 55 51 32 
33 52 58 89 133 176 183 154 132 130 153 170 176 178 167 130 88 56 49 48 49 51 55 56 60 55 72 65 65 68 81 100 75 75 65 66 65 64 73 79 79 79 58 48 42 52 67 81 94 104 110 114 116 119 122 124 126 126 127 128 130 132 133 134 134 135 135 135 137 140 142 143 143 143 143 142 143 143 144 145 147 150 155 159 164 168 174 179 185 191 197 202 205 207 187 144 103 85 94 102 109 113 116 115 112 108 106 106 107 103 95 88 87 86 81 75 74 81 94 106 111 104 88 69 56 51 54 37 
30 48 52 86 132 180 191 161 138 131 154 170 176 177 161 125 83 55 49 50 54 55 59 61 63 61 79 77 75 75 77 95 79 78 74 66 66 62 65 71 69 80 72 63 55 63 79 92 102 109 113 116 118 121 124 125 126 126 126 127 129 132 132 133 133 135 135 135 137 139 140 141 142 144 144 144 144 144 144 146 148 151 155 159 163 167 172 177 183 189 195 199 203 206 201 160 119 86 91 98 106 113 118 118 115 113 114 116 113 105 93 86 84 85 82 78 79 91 107 116 110 93 73 58 52 55 65 47 
19 31 33 57 87 120 127 108 93 88 103 113 117 117 106 83 56 37 33 34 38 38 41 44 42 42 52 55 52 52 52 61 54 51 54 47 48 39 38 40 43 55 55 48 41 45 56 63 69 73 76 78 80 82 84 84 84 84 84 85 87 89 88 88 88 90 90 90 92 93 93 93 94 96 96 96 96 96 96 98 100 102 104 106 108 110 113 117 121 125 129 132 135 137 138 111 84 58 60 64 69 75 79 80 78 78 80 82 78 70 61 56 54 55 55 54 56 65 76 80 72 58 44 35 33 38 48 36 
